3620 3620 2606 2606 2606 2606 2606 2606 3740 3740 3740 3740 3740 3740 3740 3740 3740 3740 3740 3740 3740 3740 3740 3740 3740 3740 3740 3740 3740 3740 3740 3740 3740 3740 3740 3740 3740 3740 3740 3740 3740 3740 3740 3740 3740 3740 3740 3740 3740
3569 4307 65 65 65 65 65 65 65 65 2606 2606 2606 2606 2606 2606 2606 2606 2606 2606 2606 2606 2606 2606 2606 2606 2606 2606 2606 2606 2606 2606 2606 2606 2606 2606 2606 2606 2606 2606 2606 2606 2606 2606 2606 2606 2606 2606 2606
1678 1678 1678 3896 3803 3803 1814 1814 1814 1814 1814 1814 1814 1814 1814 1814 1814 1814 1814 1814 1814 1814 1814 1814 1814 1814 1814 1814 1814 1814 1814 1814 1814 1814 1814 1814 1814 1814 1814 1814 1814 1814 1814 1814 1814 1814 1814 1814 1814
1397 1397 1397 1397 65 65 65 65 65 65 65 1556 1556 0 0 1814 1814 1814 1814 1814 1814 1814 1814 1814 1814 1814 1814 1814 1814 1814 1814 1814 1814 1814 1814 1814 1814 1814 1814 1814 1814 1814 1814 1814 1814 1814 1814 1814 1814
4602 4307 65 65 65 65 2606 2606 2606 2606 2606 4068 4068 2285 2285 2285 2285 2285 2285 2285 2285 1814 1814 1814 1814 1814 1814 1814 1814 1814 1814 1814 1814 1814 1814 1814 1814 1814 1814 1814 1814 1814 1814 1814 1814 1814 1814 1814 1814
3620 3620 65 576 2606 2606 2606 2606 2606 2606 2606 2606 2606 2606 2606 2606 2606 2606 2606 2606 2606 2606 2606 193 193 193 193 193 193 193 193 193 193 193 193 193 193 193 193 193 193 193 193 193 193 193 193 193 193
1814 1814 1814 1814 1814 1814 1814 1814 1814 1814 1814 1814 1814 1814 1814 1814 1814 1814 1814 1814 1814 1814 1814 1814 1814 1814 1814 1814 1814 1814 1814 1814 1814 1814 1814 1814 1814 1814 1814 1814 1814 1814 1814 1814 1814 1814 1814 1814 1814
308 308 308 308 4234 4234 4234 1094 1094 874 874 874 874 874 874 874 874 874 874 874 874 874 874 874 874 874 874 874 874 874 874 874 874 874 874 874 874 874 874 874 874 874 874 874 874 874 874 874 874
308 308 4083 3803 3803 3803 3803 3803 3803 3803 3803 3803 3803 3803 3803 3803 3803 3803 3803 3803 3803 3803 3803 3803 3803 3803 3803 3803 3803 3803 3803 3803 3803 3803 3803 3803 3803 3803 3803 3803 3803 3803 3803 3803 3803 3803 3803 3803 3803
4307 4307 4307 4307 65 65 65 65 65 65 65 65 65 1214 1214 1214 1214 1214 1214 1214 1214 1214 1214 1214 1214 1814 1814 1814 1814 1814 1814 1814 1814 1814 1814 1814 1814 1814 1814 1814 1814 1814 1814 1814 1814 1814 1814 1814 1814
3389 3389 3389 3389 65 65 65 65 65 65 65 65 65 65 65 65 65 65 65 65 65 4428 4428 4428 4428 0 0 0 0 0 0 0 0 0 0 0 0 0 0 0 0 0 0 0 0 0 0 0 0
927 927 927 927 3432 3432 3432 3432 3620 3620 3620 3620 3620 3620 3620 3620 3620 3620 2543 4642 4642 4642 4642 0 0 0 0 0 0 0 0 0 0 0 0 0 0 0 0 0 0 0 0 0 0 0 0 0 0
1814 1814 1814 1814 1814 1814 1814 1814 1814 1814 1814 1814 1814 1814 1814 1814 4031 4031 4031 4031 4031 4031 4031 4031 4031 4031 4031 4031 4031 4031 4031 4031 4031 4031 4031 4031 4031 4031 4031 4031 4031 4031 4031 4031 4031 4031 4031 4031 4031
0 0 0 0 4428 0 0 0 0 1814 1814 1814 1814 1814 1814 1814 1814 1814 1814 1814 1814 1814 1814 1814 1814 1814 1814 1814 1814 1814 1814 1814 1814 1814 1814 1814 1814 1814 1814 1814 1814 1814 1814 1814 1814 1814 1814 1814 1814
65 65 65 65 65 65 65 65 65 65 4068 4068 4068 4068 4068 4068 4068 4068 1814 1814 1814 1814 1814 1814 1814 1814 1814 1814 1814 1814 1814 1814 1814 1814 1814 1814 1814 1814 1814 1814 1814 1814 1814 1814 1814 1814 1814 1814 1814
534 534 534 534 1094 1094 1094 1094 1094 1094 1094 1094 4761 4761 4761 1814 1814 1814 1814 1814 1814 1814 1814 1814 1814 1814 1814 1814 1814 1814 1814 1814 1814 1814 1814 1814 1814 1814 1814 1814 1814 1814 1814 1814 1814 1814 1814 1814 1814
3620 3620 3620 65 65 65 65 65 65 65 65 65 65 65 65 65 65 65 65 65 65 65 2606 2606 2606 2606 2606 2606 2606 2606 2606 2606 2606 2606 2606 3419 3419 3419 3419 3419 3419 3419 3419 3419 3419 3419 3419 3419 3419
2926 65 2606 2606 2606 2606 2606 2606 2606 2606 2606 2606 2606 2606 2606 233 233 233 233 233 233 233 233 233 233 233 233 233 233 233 233 233 233 233 233 233 233 233 233 233 233 233 233 233 233 233 233 233 233
4083 4083 1863 1863 1863 1863 1863 1863 1863 1863 1863 1863 1863 1863 1863 1863 1863 1814 1814 1814 1814 1814 1814 1814 1814 1814 1814 1814 1814 1814 1814 1814 1814 1814 1814 1814 1814 1814 1814 1814 1814 1814 1814 1814 1814 1814 1814 1814 1814
395 2469 2469 2469 2469 2469 2606 193 193 4538 4538 4538 4538 4538 4538 4538 1814 1814 1814 1814 1814 1814 1814 1814 1814 1814 1814 1814 1814 1814 1814 1814 1814 1814 1814 1814 1814 1814 1814 1814 1814 1814 1814 1814 1814 1814 1814 1814 1814
3432 1863 1863 1863 1863 1863 1863 1863 1814 1814 1814 1814 1814 1814 1814 1814 1814 1814 1814 1814 1814 1814 1814 1814 1814 1814 1814 1814 1814 1814 1814 1814 1814 1814 1814 1814 1814 1814 1814 1814 1814 1814 1814 1814 1814 1814 1814 1814 1814
3620 576 576 2606 2606 2606 2606 2606 4642 4642 4642 4642 4642 4642 4642 4642 4642 4642 675 675 675 675 675 675 675 675 675 675 675 675 675 675 675 675 675 675 675 675 675 675 675 675 675 675 675 675 675 675 675
4307 4307 4307 65 65 65 65 65 65 65 4068 4068 4068 4068 4068 4068 4068 4068 4068 4068 4068 1814 1814 1814 1814 1814 1814 1814 1814 1814 1814 1814 1814 1814 1814 1814 1814 1814 1814 1814 1814 1814 1814 1814 1814 1814 1814 1814 1814
1814 1814 1814 1814 1814 1814 1814 1814 1814 1814 1814 1814 1814 1814 1814 1814 1814 1814 1814 1814 1814 1814 1814 1814 1814 1814 1814 1814 1814 1814 1814 1814 1814 1814 1814 1814 1814 1814 1814 1814 1814 1814 1814 1814 1814 1814 1814 1814 1814
1814 1814 1814 1814 1814 1814 1814 1814 1814 1814 1814 1814 1814 1814 1814 1814 1814 1814 1814 1814 1814 1814 1814 1814 1814 1814 1814 1814 1814 1814 1814 1814 1814 1814 1814 1814 1814 1814 1814 1814 1814 1814 1814 1814 1814 1814 1814 1814 1814
3432 3803 3432 3432 3432 3432 3432 2606 2606 2606 2606 2606 2606 2606 2606 2606 2606 2606 2606 2606 2606 2606 2606 3740 3740 3740 3740 3740 3740 3740 3740 3740 3740 3740 3740 3740 3740 3740 3740 3740 3740 3740 3740 3740 3740 3740 3740 3740 3740
2029 3446 3446 3446 3395 3395 3395 3395 3395 3395 3395 3395 3395 3395 3395 3395 3395 3395 3395 3395 3395 3395 3395 3395 3395 3395 3395 3395 3395 3395 3395 3395 3395 3395 3395 3395 3395 3395 3395 3395 3395 3395 3395 3395 3395 3395 3395 3395 3395
4307 4307 4307 65 65 65 65 65 65 65 65 65 2606 2606 2606 2606 2606 2606 2606 2606 2606 2606 2606 2606 2606 2606 3740 3740 3740 3740 3740 3740 3740 3740 3740 3740 3740 3740 3740 3740 3740 3740 3740 3740 3740 3740 3740 3740 3740
3620 3620 3620 65 65 65 2606 2606 2606 2606 2606 2606 2606 2606 2606 2606 2606 2606 2606 2606 2606 2606 2606 2606 2606 2606 2606 2606 2606 2606 2606 2606 2606 2606 2606 2606 2606 2606 2606 2606 2606 2606 2606 2606 2606 2606 2606 2606 2606
1814 1814 3783 3783 3783 3783 0 0 0 0 0 0 0 0 0 0 0 0 0 0 0 0 0 0 0 0 0 0 0 0 0 0 0 0 0 0 0 0 0 0 0 0 0 0 0 0 0 0 0
308 308 3803 3803 3803 3803 3803 1094 1094 1094 1094 1094 1814 1814 1814 1814 1814 1814 1814 1814 1814 1814 1814 1814 1814 1814 1814 1814 1814 1814 1814 1814 1814 1814 1814 1814 1814 1814 1814 1814 1814 1814 1814 1814 1814 1814 1814 1814 1814
4068 65 65 65 65 65 65 65 65 65 65 65 65 65 65 65 65 65 65 65 65 65 2543 2543 2543 2543 2543 2543 2543 2543 2543 2543 2543 3740 3740 3740 3740 3740 3740 3740 3740 3740 3740 3740 3740 3740 3740 3740 3740
2623 3036 65 65 65 65 65 65 2891 2891 2891 2891 2891 2891 2891 2891 2891 2891 2891 2891 2891 2891 2891 2891 2891 2891 2891 2891 2891 2891 2891 2891 2891 2891 2891 2891 2891 2891 2891 2891 2891 2891 2891 2891 2891 2891 2891 2891 2891
3293 1566 1566 1566 1566 3395 3395 3395 626 626 626 1814 1814 1814 1814 1814 1814 1814 1814 1814 1814 1814 1814 1814 1814 1814 1814 1814 1814 1814 1814 1814 1814 1814 1814 1814 1814 1814 1814 1814 1814 1814 1814 1814 1814 1814 1814 1814 1814
618 618 2694 4068 4068 1814 1814 1814 1814 1814 1814 1814 1814 1814 1814 1814 1814 1814 1814 1814 1814 1814 1814 1814 1814 1814 1814 1814 1814 1814 1814 1814 1814 1814 1814 1814 1814 1814 1814 1814 1814 1814 1814 1814 1814 1814 1814 1814 1814
3036 1863 4068 4068 4068 1814 1814 1814 1814 1814 1814 1814 1814 1814 1814 1814 1814 1814 1814 1814 1814 1814 1814 1814 1814 1814 1814 1814 1814 1814 1814 1814 1814 1814 1814 1814 1814 1814 1814 1814 1814 1814 1814 1814 1814 1814 1814 1814 1814
4083 4083 4083 1814 1814 1814 1814 1814 1814 1814 1814 1814 1814 1814 1814 1814 1814 1814 1814 1814 1814 1814 1814 1814 1814 1814 1814 1814 1814 1814 1814 1814 1814 1814 1814 1814 1814 1814 1814 1814 1814 1814 1814 1814 1814 1814 1814 1814 1814
4307 65 65 65 65 4068 4068 4068 4068 4068 4068 4068 4068 4068 1814 1814 1814 1814 1814 1814 1814 1814 1814 1814 1814 1814 1814 1814 1814 1814 1814 1814 1814 1814 1814 1814 1814 1814 1814 1814 1814 1814 1814 1814 1814 1814 1814 1814 1814
3620 65 2606 2606 2606 2606 2606 2606 2606 2606 2606 2606 2606 2606 3740 3740 3740 3740 3740 3740 3740 675 675 675 675 675 675 675 675 675 675 675 675 675 675 675 675 675 675 675 675 675 675 675 675 675 675 675 675
4307 4307 4307 4307 4068 4068 193 193 193 193 193 193 1814 1814 1814 1814 1814 1814 1814 1814 1814 1814 1814 1814 1814 1814 1814 1814 1814 1814 1814 1814 1814 1814 1814 1814 1814 1814 1814 1814 1814 1814 1814 1814 1814 1814 1814 1814 1814
0 2349 4307 4307 4307 4307 4307 185 185 2380 2380 2380 2380 2380 2380 2380 2380 2380 2380 2380 2380 2380 2380 2380 2380 4487 4487 4487 4487 4487 4487 4487 4487 4487 4487 4487 4487 4487 4487 4487 4487 4487 4487 4487 4487 4487 4487 4487 4487
65 65 65 2606 2606 2606 2606 2606 2606 2606 2606 3740 3740 3740 3740 3740 3740 3740 3740 3740 3740 3740 3740 3740 3740 3740 3740 3740 3740 3740 3740 3740 3740 3740 3740 3740 3740 3740 3740 3740 3740 3740 3740 3740 3740 3740 3740 3740 3740
4307 2606 2606 2606 2606 2606 2606 3740 3740 3740 3740 3740 3740 3740 3740 3740 3740 3740 3740 3740 3740 3740 3740 3740 3740 3740 3740 3740 3740 3740 3740 3740 3740 3740 3740 3740 3740 3740 3740 3740 3740 3740 3740 3740 3740 3740 3740 3740 3740
3620 3620 3620 3620 3803 3803 3803 3803 3803 3803 3803 3803 3803 3803 3803 3803 3803 3803 3803 3803 3803 3803 3803 3803 3803 3803 3803 3803 3803 3803 3803 3803 3803 3803 3803 3803 3803 3803 3803 3803 3803 3803 3803 3803 3803 3803 3803 3803 3803
3446 3620 3389 65 65 65 4068 4068 4068 1814 1814 1814 1814 1814 1814 1814 1814 1814 1814 1814 1814 1814 1814 1814 1814 1814 1814 1814 1814 1814 1814 1814 1814 1814 1814 1814 1814 1814 1814 1814 1814 1814 1814 1814 1814 1814 1814 1814 1814
65 65 65 65 65 65 65 4068 4068 4068 4068 4068 4068 4068 4068 4068 4068 4068 4068 1814 1814 1814 1814 1814 1814 1814 1814 1814 1814 1814 1814 1814 1814 1814 1814 1814 1814 1814 1814 1814 1814 1814 1814 1814 1814 1814 1814 1814 1814
1678 1678 1678 1863 1863 1863 1863 1863 1814 1814 1814 1814 1814 1814 1814 1814 1814 1814 1814 1814 1814 1814 1814 1814 1814 1814 1814 1814 1814 1814 1814 1814 1814 1814 1814 1814 1814 1814 1814 1814 1814 1814 1814 1814 1814 1814 1814 1814 1814
65 65 65 65 65 65 4428 3740 3740 3740 3740 3740 3740 3740 3740 3740 3740 3740 3740 3740 3740 3740 3740 3740 3740 3740 3740 3740 3740 3740 3740 3740 3740 3740 3740 3740 3740 3740 3740 3740 3740 3740 3740 3740 3740 3740 3740 3740 3740
65 65 1617 1617 3740 3740 4487 4487 4487 4487 4487 4487 4487 1814 1814 1814 1814 1814 1814 1814 1814 1814 1814 1814 1814 1814 1814 1814 1814 1814 1814 1814 1814 1814 1814 1814 1814 1814 1814 1814 1814 1814 1814 1814 1814 1814 1814 1814 1814
65 65 2606 2606 2606 2606 2606 2606 2606 2606 2606 2606 3740 3740 3740 3740 3740 3740 3740 4764 4764 4764 4764 4764 4764 4764 4764 4764 4764 4764 4764 4764 4764 4764 4764 4764 4764 4764 4764 4764 4764 4764 4764 4764 4764 4764 4764 4764 4764
1814 1814 1814 1814 1814 1814 1814 1814 1814 1814 1814 1814 1814 1814 1814 1814 1814 1814 1814 1814 1814 1814 1814 1814 1814 1814 1814 1814 1814 1814 1814 1814 1814 1814 1814 1814 1814 1814 1814 1814 1814 1814 1814 1814 1814 1814 1814 1814 1814
3803 65 65 65 65 65 65 65 65 65 65 65 65 65 65 65 65 65 65 65 65 65 65 65 65 65 65 65 65 65 65 65 65 65 65 65 65 65 65 65 65 65 65 65 65 65 65 65 65
65 65 65 2606 2606 2606 2606 2606 2606 2606 2606 2606 4487 4487 4487 4487 4487 4487 4487 4487 4487 4487 4487 4487 4487 4487 4487 4487 4487 4487 4487 4487 4487 4487 4487 4487 4487 4487 4487 4487 4487 4487 4487 4487 4487 4487 4487 4487 4487
395 65 65 626 626 1814 1814 1814 1814 1814 1814 1814 1814 1814 1814 1814 1814 1814 1814 1814 1814 1814 1814 1814 1814 1814 1814 1814 1814 1814 1814 1814 1814 1814 1814 1814 1814 1814 1814 1814 1814 1814 1814 1814 1814 1814 1814 1814 1814
4428 4428 3419 3419 3419 3419 3419 1814 1814 1814 1814 1814 1814 1814 1814 1814 1814 1814 1814 1814 1814 1814 1814 1814 1814 1814 1814 1814 1814 1814 1814 1814 1814 1814 1814 1814 1814 1814 1814 1814 1814 1814 1814 1814 1814 1814 1814 1814 1814
3620 65 65 65 65 2606 2606 2606 2606 2606 2380 2380 2380 2380 2380 2380 2380 2380 2380 2380 2380 2380 2380 2380 2380 2380 2380 2380 2380 2380 2380 2380 2380 2380 2380 2380 2380 2380 2380 2380 2380 2380 2380 2380 2380 2380 2380 2380 2380
65 65 65 65 4068 4068 4068 626 626 1814 1814 1814 1814 1814 1814 1814 1814 1814 1814 1814 1814 1814 1814 1814 1814 1814 1814 1814 1814 1814 1814 1814 1814 1814 1814 1814 1814 1814 1814 1814 1814 1814 1814 1814 1814 1814 1814 1814 1814
65 65 65 2606 2606 2606 2606 2606 2606 2606 2606 2606 2606 2606 2606 2606 2606 2606 2606 2606 2606 2606 2606 2606 2606 2606 2606 2606 2606 2606 2606 2606 2606 2606 2606 2606 2606 2606 2606 2606 2606 2606 2606 2606 2606 2606 2606 2606 2606
2623 4068 4068 4068 4068 4068 2380 1814 1814 1814 1814 1814 1814 1814 1814 1814 1814 1814 1814 1814 1814 1814 1814 1814 1814 1814 1814 1814 1814 1814 1814 1814 1814 1814 1814 1814 1814 1814 1814 1814 1814 1814 1814 1814 1814 1814 1814 1814 1814
4149 4307 4307 65 65 65 65 65 65 65 65 65 65 65 65 65 1863 1863 1863 1863 1863 1863 1863 1863 1863 1863 1863 1863 1863 1863 1863 1863 1863 1863 1863 1863 1863 1863 1863 1863 1863 1863 1863 1863 1863 1863 1863 1863 1863
0 0 0 0 0 0 0 0 0 0 0 0 0 0 3740 3740 3740 3740 3740 3740 3740 3740 3740 3740 3740 3740 3740 3740 3740 3740 3740 3740 3740 3740 3740 3740 3740 3740 3740 3740 3740 3740 3740 3740 3740 3740 3740 3740 3740
618 65 65 65 65 4068 4068 4068 1814 1814 1814 1814 1814 1814 1814 1814 1814 1814 1814 1814 1814 1814 1814 1814 1814 1814 1814 1814 1814 1814 1814 1814 1814 1814 1814 1814 1814 1814 1814 1814 1814 1814 1814 1814 1814 1814 1814 1814 1814
618 65 65 65 65 65 617 617 617 617 617 617 617 617 617 1877 1877 1877 3620 3620 3620 3620 3620 3620 3620 3620 3620 3620 3620 3620 3620 3620 3620 3620 3620 3620 3620 3620 3620 3620 3620 3620 3620 3620 3620 3620 3620 3620 3620
1814 1814 1814 1814 1814 1814 1814 1814 1814 1814 1814 1814 1814 1814 1814 1814 1814 1814 1814 1814 1814 1814 1814 1814 1814 1814 1814 1814 1814 1814 1814 1814 1814 1814 1814 1814 1814 1814 1814 1814 1814 1814 1814 1814 1814 1814 1814 1814 1814
65 65 65 65 65 65 65 1863 1863 1863 1863 626 626 626 626 626 626 1814 1814 1814 1814 1814 1814 1814 1814 1814 1814 1814 1814 1814 1814 1814 1814 1814 1814 1814 1814 1814 1814 1814 1814 1814 1814 1814 1814 1814 1814 1814 1814
3620 3620 65 65 65 65 65 65 65 65 65 65 65 65 65 65 65 65 65 65 65 65 65 65 65 65 65 65 65 65 65 65 65 65 65 65 65 65 65 65 65 65 65 65 65 65 65 65 65
4307 3741 1094 1094 894 894 1814 1814 1814 1814 1814 1814 1814 1814 1814 1814 1814 1814 1814 1814 1814 1814 1814 1814 1814 1814 1814 1814 1814 1814 1814 1814 1814 1814 1814 1814 1814 1814 1814 1814 1814 1814 1814 1814 1814 1814 1814 1814 1814
2926 2926 2926 65 1863 1863 1863 1863 1863 1814 1814 1814 1814 1814 1814 1814 1814 1814 1814 1814 1814 1814 1814 1814 1814 1814 1814 1814 1814 1814 1814 1814 1814 1814 1814 1814 1814 1814 1814 1814 1814 1814 1814 1814 1814 1814 1814 1814 1814
4307 2606 2606 2606 2606 2606 2606 2606 4538 4538 4538 4538 4538 4538 4538 4538 4538 4538 4538 4538 4538 4538 4538 4538 4538 4538 4538 4538 4538 4538 4538 4538 4538 4538 4538 4538 4538 4538 4538 4538 4538 4538 4538 4538 4538 4538 4538 4538 4538
4811 4811 1863 1863 1863 1863 4538 4538 4538 1814 1814 1814 1814 1814 1814 1814 1814 1814 1814 1814 1814 1814 1814 1814 1814 1814 1814 1814 1814 1814 1814 1814 1814 1814 1814 1814 1814 1814 1814 1814 1814 1814 1814 1814 1814 1814 1814 1814 1814
2465 2465 2465 1631 1631 1631 2380 2380 2380 2380 2380 2380 1814 1814 1814 1814 1814 1814 1814 1814 1814 1814 1814 1814 1814 1814 1814 1814 1814 1814 1814 1814 1814 1814 1814 1814 1814 1814 1814 1814 1814 1814 1814 1814 1814 1814 1814 1814 1814
2300 1814 1814 1814 1814 1814 1814 1814 1814 1814 1814 1814 1814 1814 1814 1814 1814 1814 1814 1814 1814 1814 1814 1814 1814 1814 1814 1814 1814 1814 1814 1814 1814 1814 1814 1814 1814 1814 1814 1814 1814 1814 1814 1814 1814 1814 1814 1814 1814
65 65 65 65 65 2606 2606 2606 2606 2606 3740 3740 3740 3740 3740 3740 3740 3740 3740 3740 3740 3740 3740 3740 3740 3740 3740 3740 3740 3740 3740 3740 3740 3740 3740 3740 3740 3740 3740 3740 3740 3740 3740 3740 3740 3740 3740 3740 3740
1814 1814 1814 1814 2926 2926 2926 3389 3389 3620 3620 3620 3620 3620 3620 3620 3620 3620 3620 3620 3620 576 2124 2124 2124 2124 2124 2124 0 0 0 0 0 0 0 0 0 0 0 0 0 0 0 0 0 0 0 0 0
3230 65 65 4428 4428 4428 4428 4428 1176 1814 1814 1814 1814 1814 1814 1814 1814 1814 1814 1814 1814 1814 1814 1814 1814 1814 1814 1814 1814 1814 1814 1814 1814 1814 1814 1814 1814 1814 1814 1814 1814 1814 1814 1814 1814 1814 1814 1814 1814
65 65 65 65 65 65 65 65 65 65 65 65 65 65 65 65 65 65 65 65 65 65 65 65 65 65 65 65 65 65 65 65 65 65 65 65 65 65 65 65 65 65 65 65 65 65 65 2606 2606
0 618 618 618 65 65 65 4068 4068 4068 1814 1814 1814 1814 1814 1814 1814 1814 1814 1814 1814 1814 1814 1814 1814 1814 1814 1814 1814 1814 1814 1814 1814 1814 1814 1814 1814 1814 1814 1814 1814 1814 1814 1814 1814 1814 1814 1814 1814
1814 1814 1814 1814 1814 1814 1814 1273 1273 1273 1273 1273 1273 1273 1273 1273 1273 1273 1273 1273 1273 1273 1273 1273 1273 1273 1273 1273 1273 1273 1273 1273 1273 1273 1273 1273 1273 1273 1273 1273 1273 1273 1273 1273 1273 1273 1273 1273 1273
3172 2606 2606 2606 2606 2606 2606 3740 3740 3740 3740 3740 3740 3740 3740 3740 3740 3740 3740 3740 3740 3740 3740 3740 3740 3740 3740 3740 3740 3740 3740 3740 3740 3740 3740 3740 3740 3740 3740 3740 3740 3740 3740 3740 3740 3740 3740 3740 3740
65 65 65 65 65 65 2606 2606 2606 4068 4068 4068 4764 4764 4764 4764 4764 1814 1814 1814 1814 1814 1814 1814 1814 1814 1814 1814 1814 1814 1814 1814 1814 1814 1814 1814 1814 1814 1814 1814 1814 1814 1814 1814 1814 1814 1814 1814 1814
4798 4798 2694 2694 65 1863 1863 1863 1863 626 626 626 1814 1814 1814 1814 1814 1814 1814 1814 1814 1814 1814 1814 1814 1814 1814 1814 1814 1814 1814 1814 1814 1814 1814 1814 1814 1814 1814 1814 1814 1814 1814 1814 1814 1814 1814 1814 1814
1814 1814 1814 1814 1814 1814 1814 1814 1814 1814 1814 1814 1814 0 0 0 0 0 0 0 0 0 0 0 0 0 0 0 0 0 0 0 0 0 0 0 0 0 0 0 0 0 0 0 0 0 0 0 0
1814 1814 1814 1814 1814 1814 1814 1814 1814 1814 1814 1814 1814 1814 1814 1814 1814 1814 1814 1814 1814 1814 1814 1814 1814 1814 1814 1814 1814 1814 1814 1814 1814 1814 1814 1814 1814 1814 1814 1814 1814 1814 1814 1814 1814 1814 1814 1814 1814
3620 65 65 65 65 65 65 65 65 65 65 2606 2606 2606 2606 3740 3740 3740 3740 3740 3740 3740 3740 3740 3740 3740 3740 3740 3740 3740 3740 3740 3740 3740 3740 3740 3740 3740 3740 3740 3740 3740 3740 3740 3740 3740 3740 3740 3740
3446 3446 3446 3446 1948 1948 4731 874 874 874 874 874 874 0 0 0 0 0 0 0 0 0 0 0 0 0 0 0 0 0 0 0 0 0 0 0 0 0 0 0 0 0 0 0 0 0 0 0 0
3783 3783 3036 3036 3036 3036 185 185 185 185 185 185 185 185 185 185 185 185 338 338 338 338 1814 1814 1814 1814 1814 1814 1814 1814 1814 1814 1814 1814 1814 1814 1814 1814 1814 1814 1814 1814 1814 1814 1814 1814 1814 1814 1814
4307 4307 4307 4307 4307 4068 4068 4068 4068 1814 1814 1814 1814 1814 1814 1814 1814 1814 1814 1814 1814 1814 1814 1814 1814 1814 1814 1814 1814 1814 1814 1814 1814 1814 1814 1814 1814 1814 1814 1814 1814 1814 1814 1814 1814 1814 1814 1814 1814
1814 1814 1814 1814 1814 1814 1814 1814 1814 1814 1814 1814 1814 1814 1814 1814 1814 1814 1814 1814 1814 1814 1814 1814 1814 1814 1814 1814 1814 1814 1814 1814 1814 1814 1814 1814 1814 1814 1814 1814 1814 1814 1814 1814 1814 1814 1814 1814 1814
4374 4374 1814 1814 1814 1814 1814 1814 1814 1814 1814 1814 1814 1814 1814 1814 1814 1814 1814 1814 1814 1814 1814 1814 1814 1814 1814 1814 1814 1814 1814 1814 1814 1814 1814 1814 1814 1814 1814 1814 1814 1814 1814 1814 1814 1814 1814 1814 1814
2944 2944 65 65 65 65 65 4068 4068 1214 1214 1214 1214 1814 1814 1814 1814 1814 1814 1814 1814 1814 1814 1814 1814 1814 1814 1814 1814 1814 1814 1814 1814 1814 1814 1814 1814 1814 1814 1814 1814 1814 1814 1814 1814 1814 1814 1814 1814
3389 3389 3620 3620 65 65 65 65 65 65 2606 2606 2606 2606 3740 3740 3740 3740 3740 3740 3740 3740 3740 3740 3740 3740 3740 3740 3740 3740 3740 3740 3740 3740 3740 3740 3740 3740 3740 3740 3740 3740 3740 3740 3740 3740 3740 3740 3740
1566 1566 1566 1566 1566 1566 1566 1566 1566 1566 1566 1566 1566 1566 1566 1566 1566 1566 1566 1566 1566 1566 1566 1566 1566 1566 1566 1566 1566 1566 1566 1566 1566 1566 1566 1566 1566 1566 1566 1566 1566 1566 1566 1566 1566 1566 1566 1566 1566
4307 4307 3620 2469 2469 2469 2606 2606 2606 2606 0 0 0 0 0 0 0 0 0 0 0 0 0 0 0 0 0 0 0 0 0 0 0 0 0 0 0 0 0 0 0 0 0 0 0 0 0 0 0
395 3741 3741 3741 3741 3741 3741 1094 1094 1094 1094 1814 1814 1814 1814 1814 1814 1814 1814 1814 1814 1814 1814 1814 1814 1814 1814 1814 1814 1814 1814 1814 1814 1814 1814 1814 1814 1814 1814 1814 1814 1814 1814 1814 1814 1814 1814 1814 1814
4307 65 65 65 65 65 65 65 65 65 65 2606 2606 2606 2606 2606 2606 2606 1214 1214 1214 1214 1214 1214 1214 1214 1214 1214 1214 1214 1214 1214 1214 1214 1214 1214 1214 1214 1214 1214 1214 1214 1214 1214 1214 1214 1214 1214 1214
3620 3620 65 65 65 65 65 65 65 65 2606 2606 2606 2606 2606 2606 2606 2606 2606 2285 2285 2285 2285 2285 2285 2285 2285 2285 2285 2285 2285 2285 2285 2285 2285 2285 2285 2285 2285 2285 2285 2285 2285 2285 2285 2285 2285 2285 2285
4414 3620 576 576 576 2606 2606 2606 2606 2606 2606 2606 2606 2606 2606 2606 0 0 0 0 0 0 0 0 0 0 0 0 0 0 0 0 0 0 0 0 0 0 0 0 0 0 0 0 0 0 0 0 0
2926 3620 65 65 2606 2606 2606 4599 4599 4599 4599 4599 4599 4599 4599 4599 4599 4599 0 0 0 0 0 0 0 0 0 0 0 0 0 0 0 0 0 0 0 0 0 0 0 0 0 0 0 0 0 0 0
1814 1814 1814 1814 1814 1814 1814 1814 1814 1814 1814 1814 1814 1814 1814 1814 1814 1814 1814 1814 1814 1814 1814 1814 1814 1814 1814 1814 1814 1814 1814 1814 1814 1814 1814 1814 1814 1814 1814 1814 1814 1814 1814 1814 1814 1814 1814 1814 1814
1566 3389 3389 65 65 65 65 65 65 65 65 65 65 65 65 65 65 65 65 65 65 65 65 65 65 65 65 65 65 65 65 65 65 65 65 65 65 65 65 65 65 65 65 65 65 65 65 65 65
1814 1814 1814 1814 1814 1814 1814 1814 1814 1814 1814 1814 1814 1814 1814 1814 1814 1814 1814 1814 1814 1814 1814 1814 1814 1814 1814 1814 1814 1814 1814 1814 1814 1814 1814 1814 1814 1814 1814 1814 1814 1814 1814 1814 1814 1814 1814 1814 1814
3602 4149 395 395 1556 1556 1556 1556 1556 1556 1556 1814 1814 1814 1814 1814 1814 1814 1814 1814 1814 1814 1814 1814 1814 1814 1814 1814 1814 1814 1814 1814 1814 1814 1814 1814 1814 1814 1814 1814 1814 1814 1814 1814 1814 1814 1814 1814 1814
3620 3620 3620 3620 2606 2606 193 193 193 193 193 1814 1814 1814 1814 1814 1814 1814 1814 1814 1814 1814 1814 1814 1814 1814 1814 1814 1814 1814 1814 1814 1814 1814 1814 1814 1814 1814 1814 1814 1814 1814 1814 1814 1814 1814 1814 1814 1814
66 66 4307 65 65 65 65 2543 3942 1094 1094 1094 1094 1094 1094 1814 1814 1814 1814 1814 1814 1814 1814 1814 1814 1814 1814 1814 1814 1814 1814 1814 1814 1814 1814 1814 1814 1814 1814 1814 1814 1814 1814 1814 1814 1814 1814 1814 1814
1814 4083 4083 4083 4083 4083 1863 1863 1863 1863 1863 1863 1863 1863 1863 1863 1863 1814 1814 1814 1814 1814 1814 1814 1814 1814 1814 1814 1814 1814 1814 1814 1814 1814 1814 1814 1814 1814 1814 1814 1814 1814 1814 1814 1814 1814 1814 1814 1814
1814 1814 1814 1814 1814 1814 1814 1814 1814 1814 1814 1814 1814 1814 1814 1814 1814 1814 1814 1814 1814 1814 1814 1814 1814 1814 1814 1814 1814 1814 1814 1814 1814 1814 1814 1814 1814 1814 1814 1814 1814 1814 1814 1814 1814 1814 1814 1814 1814
169 3432 238 238 238 238 238 238 238 238 238 238 238 4761 4761 4761 4761 4761 4761 4761 4761 4761 4761 4761 4761 4761 4761 4761 4761 4761 4761 4761 4761 4761 4761 4761 4761 4761 4761 4761 4761 4761 4761 4761 4761 4761 4761 4761 4761
1814 1814 1814 1814 1814 1814 1814 1814 1814 1814 1814 1814 1814 1814 1814 1814 1814 1814 1814 1814 1814 1814 1814 1814 1814 1814 1814 1814 1814 1814 1814 1814 1814 1814 1814 1814 1814 1814 1814 1814 1814 1814 1814 1814 1814 1814 1814 1814 1814
874 4314 4602 3036 2606 2606 193 193 193 193 193 193 193 193 193 193 193 193 1814 1814 1814 1814 1814 1814 1814 1814 1814 1814 1814 1814 1814 1814 1814 1814 1814 1814 1814 1814 1814 1814 1814 1814 1814 1814 1814 1814 1814 1814 1814
3198 2623 4083 1814 1863 1863 1863 1863 1863 1863 1863 1814 1814 1814 1814 1814 1814 1814 1814 1814 1814 1814 1814 1814 1814 1814 1814 1814 1814 1814 1814 1814 1814 1814 1814 1814 1814 1814 1814 1814 1814 1814 1814 1814 1814 1814 1814 1814 1814
1566 1566 175 175 626 626 626 1814 1814 1814 1814 1814 1814 1814 1814 1814 1814 1814 1814 1814 1814 1814 1814 1814 1814 1814 1814 1814 1814 1814 1814 1814 1814 1814 1814 1814 1814 1814 1814 1814 1814 1814 1814 1814 1814 1814 1814 1814 1814
576 576 65 65 65 238 238 238 238 238 238 238 238 238 238 4761 4761 4761 4761 4761 1814 1814 1814 1814 1814 1814 1814 1814 1814 1814 1814 1814 1814 1814 1814 1814 1814 1814 1814 1814 1814 1814 1814 1814 1814 1814 1814 1814 1814
65 4307 2606 2606 2606 4068 4068 3740 3740 3740 3740 3740 3740 3740 3740 3740 3740 3740 3740 3740 3740 3740 3740 3740 3740 3740 3740 3740 3740 3740 3740 3740 3740 3740 3740 3740 3740 3740 3740 3740 3740 3740 3740 3740 3740 3740 3740 3740 3740
1214 2606 2606 2606 2606 2606 2606 2606 2606 4538 4538 4538 4538 4538 4538 4538 4538 4538 4538 4538 4538 4538 4538 4538 4538 4538 4538 4538 4538 4538 4538 4538 4538 4538 4538 4538 4538 4538 4538 4538 4538 4538 4538 4538 4538 4538 4538 4538 4538
2469 2469 2469 2606 2606 2606 2606 2606 2606 2606 2606 2606 2606 193 193 193 193 193 193 193 193 193 193 193 193 193 193 193 193 193 193 193 193 193 193 193 193 193 193 193 193 193 193 193 193 193 193 193 193
3620 3620 3620 4428 4428 4428 4428 4428 4428 4428 1094 1094 1094 1094 1094 1094 1094 1094 1094 1094 1094 1094 1094 1094 1094 1094 1094 1094 1094 1094 1094 1094 1094 1094 1094 1094 1094 1094 1094 1094 1094 1094 1094 1094 1094 1094 1094 1094 1094
1678 1678 1678 1678 2606 2606 2606 2606 2606 2606 2606 2606 2606 2606 2606 2606 2606 2606 2855 2855 2855 2855 2855 2855 2855 2855 2855 2855 2855 2855 2855 2855 2855 2855 2855 2855 2855 2855 2855 2855 2855 2855 2855 2855 2855 2855 2855 2855 2855
65 2606 2606 2606 2606 2606 2606 2606 2606 2606 2606 2606 2606 2606 2606 2606 2606 2606 3740 3740 3740 3740 3740 3740 3740 3740 3740 3740 3740 3740 3740 3740 3740 3740 3740 3740 3740 3740 3740 3740 3740 3740 3740 3740 3740 3740 3740 3740 3740
65 65 65 65 65 2606 2606 2606 2606 2606 2606 2606 2606 2606 2606 2606 2606 2285 2285 2285 2285 2285 2285 2285 2285 2285 2285 2285 2285 2285 2285 2285 2285 2285 2285 2285 2285 2285 2285 2285 2285 2285 2285 2285 2285 2285 2285 2285 2285
3036 3036 3036 3036 3036 1863 1863 1863 4068 4068 4068 4068 4068 4068 4068 4068 4068 4068 4068 4068 4068 1814 1814 1814 1814 1814 1814 1814 1814 1814 1814 1814 1814 1814 1814 1814 1814 1814 1814 1814 1814 1814 1814 1814 1814 1814 1814 1814 1814
618 4307 4307 2036 2036 2036 2036 2036 2036 1814 1814 1814 1814 1814 1814 1814 1814 1814 1814 1814 1814 1814 1814 1814 1814 1814 1814 1814 1814 1814 1814 1814 1814 1814 1814 1814 1814 1814 1814 1814 1814 1814 1814 1814 1814 1814 1814 1814 1814
4068 1814 1814 1814 1814 1814 1814 1814 1814 1814 1814 1814 1814 1814 1814 1814 1814 1814 1814 1814 1814 1814 1814 1814 1814 1814 1814 1814 1814 1814 1814 1814 1814 1814 1814 1814 1814 1814 1814 1814 1814 1814 1814 1814 1814 1814 1814 1814 1814
65 65 65 65 2606 2606 2606 2606 2606 2606 3740 3740 3740 3740 3740 3740 3740 0 0 0 0 0 0 0 0 0 0 0 0 0 0 0 0 0 0 0 0 0 0 0 0 0 0 0 0 0 0 0 0
4149 4149 395 65 65 65 65 65 65 626 626 1814 1814 1814 1814 1814 1814 1814 1814 1814 1814 1814 1814 1814 1814 1814 1814 1814 1814 1814 1814 1814 1814 1814 1814 1814 1814 1814 1814 1814 1814 1814 1814 1814 1814 1814 1814 1814 1814
3389 3389 66 65 4068 4068 4068 4068 4068 1814 1814 1814 1814 1814 1814 1814 1814 1814 1814 1814 1814 1814 1814 1814 1814 1814 1814 1814 1814 1814 1814 1814 1814 1814 1814 1814 1814 1814 1814 1814 1814 1814 1814 1814 1814 1814 1814 1814 1814
2029 2029 65 65 65 65 65 65 65 65 65 65 65 65 65 65 65 65 65 65 65 65 65 65 65 65 65 65 65 65 65 65 65 65 65 65 65 65 65 65 65 65 65 65 65 65 65 65 65
4307 65 65 65 65 65 65 65 65 65 65 65 65 65 617 617 4068 4068 4068 4068 95 95 95 95 95 95 95 95 95 95 95 95 95 95 95 95 95 95 95 95 95 95 95 95 95 95 95 95 95
1566 65 65 65 65 65 65 65 2606 1617 3740 3740 3740 3740 3740 3740 3740 3740 3740 3740 3740 3740 3740 3740 3740 3740 3740 3740 3740 3740 3740 3740 3740 3740 3740 3740 3740 3740 3740 3740 3740 3740 3740 3740 3740 3740 3740 3740 3740
4307 4307 4307 4307 4307 4307 3620 3620 3620 3620 3620 3620 3620 3620 3620 3620 3620 3620 3620 3620 3620 3620 3620 3620 3620 3620 3620 3620 3620 3620 3620 3620 3620 3620 3620 3620 3620 3620 3620 3620 3620 3620 3620 3620 3620 3620 3620 3620 3620
220 220 4602 3803 3803 3803 3803 285 285 285 285 1966 1966 1966 1966 1966 1966 1966 1966 1966 1966 1966 1966 1966 1966 1966 1966 1966 1966 1966 1966 1966 1966 1966 1966 1966 1966 1966 1966 1966 1966 1966 1966 1966 1966 1966 1966 1966 1966
4068 4068 4068 4068 4068 4068 4068 4068 1814 1814 1814 1814 1814 1814 1814 1814 1814 1814 1814 1814 1814 1814 1814 1814 1814 1814 1814 1814 1814 1814 1814 1814 1814 1814 1814 1814 1814 1814 1814 1814 1814 1814 1814 1814 1814 1814 1814 1814 1814
65 65 65 65 65 576 576 576 2543 2543 2543 2543 2543 2543 2543 4063 4063 4063 4063 4063 4063 4063 4063 4063 4063 4063 4063 4063 4063 4063 4063 4063 4063 4063 4063 4063 4063 4063 4063 4063 4063 4063 4063 4063 4063 4063 4063 4063 4063
803 3866 4798 4798 4798 4798 2543 2124 2124 2124 2124 2124 2124 2124 2124 2124 2124 2124 2124 2124 2124 2124 2124 2124 2124 2124 2124 2124 2124 2124 2124 2124 2124 2124 2124 2124 2124 2124 2124 2124 2124 2124 2124 2124 2124 2124 2124 2124 2124
175 3620 65 65 65 65 1617 1617 1617 1617 1617 4068 1814 1814 1814 1814 1814 1814 1814 1814 1814 1814 1814 1814 1814 1814 1814 1814 1814 1814 1814 1814 1814 1814 1814 1814 1814 1814 1814 1814 1814 1814 1814 1814 1814 1814 1814 1814 1814
3620 3620 65 65 4068 4068 4068 4068 4068 4068 4068 4068 4068 4068 4068 4068 4068 4068 4068 4068 4068 1814 1814 1814 1814 1814 1814 1814 1814 1814 1814 1814 1814 1814 1814 1814 1814 1814 1814 1814 1814 1814 1814 1814 1814 1814 1814 1814 1814
4327 4327 4307 4307 4307 4307 4307 4307 4307 4307 4307 4307 4307 4307 4307 4307 4307 4307 4307 4307 4307 4307 4307 4307 4307 4307 4307 4307 4307 4307 4307 4307 4307 4307 4307 4307 4307 4307 4307 4307 4307 4307 4307 4307 4307 4307 4307 4307 4307
618 65 65 65 65 65 65 65 65 4068 193 193 1214 1214 1214 1214 1814 1814 1814 1814 1814 1814 1814 1814 1814 1814 1814 1814 1814 1814 1814 1814 1814 1814 1814 1814 1814 1814 1814 1814 1814 1814 1814 1814 1814 1814 1814 1814 1814
65 65 65 2606 2606 2606 2606 2606 2606 2606 2606 4538 4538 4538 4538 4538 4538 4538 4538 4538 4538 4538 4538 4538 4538 4538 4538 4538 4538 4538 4538 4538 4538 4538 4538 4538 4538 4538 4538 4538 4538 4538 4538 4538 4538 4538 4538 4538 4538
1814 1814 1814 1814 1814 1814 1814 1814 1814 1814 1814 1814 1814 1814 1814 1814 1814 1814 1814 1814 1814 1814 1814 1814 1814 1814 1814 1814 1814 1814 1814 1814 1814 1814 1814 1814 1814 1814 1814 1814 1814 1814 1814 1814 1814 1814 1814 1814 1814
4670 1863 1863 4068 4068 4068 1814 1814 1814 1814 1814 1814 1814 1814 1814 1814 1814 1814 1814 1814 1814 1814 1814 1814 1814 1814 1814 1814 1814 1814 1814 1814 1814 1814 1814 1814 1814 1814 1814 1814 1814 1814 1814 1814 1814 1814 1814 1814 1814
65 65 65 65 2606 2606 2606 2606 2606 2606 3740 3740 3740 3740 3740 3740 3740 3740 3740 3740 3740 3740 3740 3740 3740 3740 3740 3740 3740 3740 3740 3740 3740 3740 3740 3740 3740 3740 3740 3740 3740 3740 3740 3740 3740 3740 3740 3740 3740
3620 3620 65 65 65 65 65 65 65 2606 2606 3419 3419 3419 3419 3419 3419 3419 3419 3419 3419 3419 3419 3419 3419 3419 3419 3419 3419 3419 3419 3419 3419 3419 3419 3419 3419 3419 3419 3419 3419 3419 3419 3419 3419 3419 3419 3419 3419
1814 1814 1814 1814 1814 1814 1814 1814 1814 1814 1814 1814 1814 1814 1814 1814 1814 1814 1814 1814 1814 1814 1814 1814 1814 1814 1814 1814 1814 1814 1814 1814 1814 1814 1814 1814 1814 1814 1814 1814 1814 1814 1814 1814 1814 1814 1814 1814 1814
2606 2606 2606 2606 2606 2606 2606 2606 2606 2606 4068 4068 4068 4068 4068 4068 4068 4068 4068 4068 4068 4068 4068 4068 4068 4068 4068 4068 4068 4068 4068 4068 4068 4068 4068 4068 4068 4068 4068 4068 4068 4068 4068 4068 4068 4068 4068 4068 4068
1814 1814 1814 1814 1814 1814 1814 1814 1814 1814 1814 1814 1814 1814 1814 1814 1814 1814 1814 1814 1814 1814 1814 1814 1814 1814 1814 1814 1814 1814 1814 1814 1814 1814 1814 1814 1814 1814 1814 1814 1814 1814 1814 1814 1814 1814 1814 1814 1814
3741 193 1814 1814 1814 1814 1814 1814 1814 1814 1814 1814 1814 1814 1814 1814 1814 1814 1814 1814 1814 1814 1814 1814 1814 1814 1814 1814 1814 1814 1814 1814 1814 1814 1814 1814 1814 1814 1814 1814 1814 1814 1814 1814 1814 1814 1814 1814 1814
1814 1814 1814 1814 1814 1814 1814 1814 1814 1814 1814 1814 1814 1814 1814 1814 1814 1814 1814 1814 1814 1814 1814 1814 1814 1814 1814 1814 1814 1814 1814 1814 1814 1814 1814 1814 1814 1814 1814 1814 1814 1814 1814 1814 1814 1814 1814 1814 1814
4307 3741 3741 3741 1814 1814 1814 1814 1814 1814 1814 1814 1814 1814 1814 1814 1814 1814 1814 1814 1814 1814 1814 1814 1814 1814 1814 1814 1814 1814 1814 1814 1814 1814 1814 1814 1814 1814 1814 1814 1814 1814 1814 1814 1814 1814 1814 1814 1814
4602 4602 576 576 576 576 2606 2606 3740 3740 3740 3740 3740 3740 4599 4599 4599 4599 0 0 0 0 0 0 0 0 0 0 0 0 0 0 0 0 0 0 0 0 0 0 0 0 0 0 0 0 0 0 0
1397 175 65 65 1863 1863 1863 626 626 1814 1814 1814 1814 1814 1814 1814 1814 1814 1814 1814 1814 1814 1814 1814 1814 1814 1814 1814 1814 1814 1814 1814 1814 1814 1814 1814 1814 1814 1814 1814 1814 1814 1814 1814 1814 1814 1814 1814 1814
175 3620 3620 3620 3620 65 65 65 65 65 65 65 65 65 65 65 65 65 65 65 65 65 65 65 65 65 65 65 65 65 65 65 65 65 65 65 65 65 65 65 65 65 65 65 65 65 65 65 65
2036 2036 175 175 175 3395 3395 185 185 1814 1814 1814 1814 1814 1814 1814 1814 1814 1814 1814 1814 1814 1814 1814 1814 1814 1814 1814 1814 1814 1814 1814 1814 1814 1814 1814 1814 1814 1814 1814 1814 1814 1814 1814 1814 1814 1814 1814 1814
3620 3620 3620 3620 65 65 1863 4068 4068 4068 2891 1814 1814 1814 1814 1814 1814 1814 1814 1814 1814 1814 1814 1814 1814 1814 1814 1814 1814 1814 1814 1814 1814 1814 1814 1814 1814 1814 1814 1814 1814 1814 1814 1814 1814 1814 1814 1814 1814
65 65 65 65 65 65 65 65 65 65 2606 2606 2606 2606 2606 2606 2606 2606 4068 832 832 832 832 832 832 832 832 832 832 832 832 832 4599 4599 4599 4599 4599 4599 4599 4599 4599 4599 4599 4599 4599 4599 4599 4599 4599
1814 1814 1814 1814 1814 1814 1814 1814 1814 1814 1814 1814 1814 1814 1814 1814 1814 1814 1814 1814 1814 1814 1814 1814 1814 1814 1814 1814 1814 1814 1814 1814 1814 1814 1814 1814 1814 1814 1814 1814 1814 1814 1814 1814 1814 1814 1814 1814 1814
1814 1814 1814 1814 1814 1814 1814 1814 1814 1814 1814 1814 1814 1814 1814 1814 1814 1814 1814 1814 1814 1814 1814 1814 1814 1814 1814 1814 1814 1814 1814 1814 1814 1814 1814 1814 1814 1814 1814 1814 1814 1814 1814 1814 1814 1814 1814 1814 1814
4307 4307 4307 4307 4307 4307 4307 4307 4307 4307 4307 4307 4307 4307 4307 4307 4307 4307 4307 4307 4307 4307 4307 4307 4307 4307 4307 4307 1863 1863 1863 1863 1863 1863 1863 1863 1863 1863 1863 1863 1863 1863 1863 1863 1863 1863 1863 1863 1863
4450 618 618 618 618 65 65 65 65 65 65 65 4068 4068 4068 4068 4068 4068 4068 4068 4068 4068 626 626 626 1814 1814 1814 1814 1814 1814 1814 1814 1814 1814 1814 1814 1814 1814 1814 1814 1814 1814 1814 1814 1814 1814 1814 1814
4602 4307 4307 2606 2606 2606 193 193 193 193 193 193 193 193 193 193 193 193 193 193 193 193 193 193 193 193 193 193 193 193 193 193 193 193 193 193 193 193 193 193 193 193 193 193 193 193 193 193 193
1814 4068 4068 4068 4068 4068 4068 1814 1814 1814 1814 1814 1814 1814 1814 1814 1814 1814 1814 0 0 0 0 0 0 0 0 0 0 0 0 0 0 0 0 0 0 0 0 0 0 0 0 0 0 0 0 0 0
1814 1814 1814 1814 1814 1814 1814 1814 1814 1814 1814 1814 1814 1814 1814 1814 1814 1814 1814 1814 1814 1814 1814 1814 1814 1814 1814 1814 1814 1814 1814 1814 1814 1814 1814 1814 1814 1814 1814 1814 1814 1814 1814 1814 1814 1814 1814 1814 1814
3602 395 395 395 395 65 65 65 65 65 65 65 65 65 65 65 65 65 65 65 65 65 65 65 65 65 65 65 65 65 65 65 65 65 65 65 65 65 65 65 65 65 65 65 65 65 65 65 65
4307 4307 4307 4307 4307 4307 4307 4605 4605 4605 4605 4605 4605 4605 4605 4605 4605 2791 2791 2791 2791 2791 2791 2791 2791 2791 2791 2791 2791 2791 2791 2791 2791 2791 2791 2791 2791 2791 2791 2791 2791 2791 2791 2791 2791 2791 2791 2791 2791
175 175 65 65 65 2543 2543 2543 2543 2543 2543 1214 1214 1214 1214 1214 1214 1214 1214 1214 1214 1214 1214 1214 1214 1214 1214 1214 1214 1214 1214 1214 1214 1214 1214 1214 1214 1214 1214 1214 1214 1214 1214 1214 1214 1214 1214 1214 1214
4083 4083 1863 1863 1863 1863 1863 1863 1863 4068 4068 4068 4068 1814 1814 1814 1814 1814 1814 1814 1814 1814 1814 1814 1814 1814 1814 1814 1814 1814 1814 1814 1814 1814 1814 1814 1814 1814 1814 1814 1814 1814 1814 1814 1814 1814 1814 1814 1814
308 3803 3036 65 65 65 65 65 1273 1273 1273 338 338 338 338 338 338 338 1814 1814 1814 1814 1814 1814 1814 1814 1814 1814 1814 1814 1814 1814 1814 1814 1814 1814 1814 1814 1814 1814 1814 1814 1814 1814 1814 1814 1814 1814 1814
50 1814 1814 1814 1814 1814 1814 1814 1814 1814 1814 1814 1814 1814 1814 1814 1814 1814 1814 1814 1814 1814 1814 1814 1814 1814 1814 1814 1814 1814 1814 1814 1814 1814 1814 1814 1814 1814 1814 1814 1814 1814 1814 1814 1814 1814 1814 1814 1814
2694 2694 1965 4068 4068 4068 1814 1814 1814 1814 1814 1814 1814 1814 1814 1814 1814 1814 1814 1814 1814 1814 1814 1814 1814 1814 1814 1814 1814 1814 1814 1814 1814 1814 1814 1814 1814 1814 1814 1814 1814 1814 1814 1814 1814 1814 1814 1814 1814
2029 1566 1566 3389 3389 3620 65 65 65 65 65 65 65 65 65 65 65 65 65 65 65 65 65 65 65 65 65 65 65 65 65 65 65 65 65 65 65 65 65 65 65 65 65 65 65 65 65 65 65
1814 1814 1814 1814 1814 1814 1814 1814 1814 1814 1814 1814 1814 1814 1814 1814 1814 1814 1814 1814 1814 1814 1814 1814 1814 1814 1814 1814 1814 1814 1814 1814 1814 1814 1814 1814 1814 1814 1814 1814 1814 1814 1814 1814 1814 1814 1814 1814 1814
3172 3432 308 308 308 308 3741 3741 3741 3741 3741 3741 3741 3741 3741 3741 3741 3741 3741 3741 3741 3741 3741 3741 3741 3741 3741 3741 3741 3741 3741 3741 3741 3741 3741 3741 3741 3741 3741 3741 3741 3741 3741 3741 3741 3741 3741 3741 3741
2029 2029 4307 65 65 65 65 65 65 65 65 1863 1863 1863 1863 626 626 1814 1814 1814 1814 1814 1814 1814 1814 1814 1814 1814 1814 1814 1814 1814 1814 1814 1814 1814 1814 1814 1814 1814 1814 1814 1814 1814 1814 1814 1814 1814 1814
3620 3620 3620 3620 3620 395 395 395 395 395 395 395 395 395 395 395 395 395 395 395 395 395 395 395 395 395 395 395 395 395 395 395 3620 3620 3620 3620 3620 3620 3620 3620 3620 3620 3620 3620 3620 3620 3620 3620 3620
4307 4307 65 65 65 65 2606 2606 2606 2606 1214 1214 1214 1214 1214 1214 1214 1814 1814 1814 1814 1814 1814 1814 1814 1814 1814 1814 1814 1814 1814 1814 1814 1814 1814 1814 1814 1814 1814 1814 1814 1814 1814 1814 1814 1814 1814 1814 1814
3803 1397 3803 3803 3803 626 1814 1814 1814 1814 1814 1814 1814 1814 1814 1814 1814 1814 1814 1814 1814 1814 1814 1814 1814 1814 1814 1814 1814 1814 1814 1814 1814 1814 1814 1814 1814 1814 1814 1814 1814 1814 1814 1814 1814 1814 1814 1814 1814
618 3620 65 65 1863 1863 1863 626 626 1814 1814 1814 1814 1814 1814 1814 1814 1814 1814 1814 1814 1814 1814 1814 1814 1814 1814 1814 1814 1814 1814 1814 1814 1814 1814 1814 1814 1814 1814 1814 1814 1814 1814 1814 1814 1814 1814 1814 1814
1566 1566 1566 1566 2891 675 4599 4599 4599 4599 4599 4599 4599 4599 1814 1814 1814 1814 1814 1814 1814 1814 1814 1814 1814 1814 1814 1814 1814 1814 1814 1814 1814 1814 1814 1814 1814 1814 1814 1814 1814 1814 1814 1814 1814 1814 1814 1814 1814
1814 1814 1814 1814 1814 1814 1814 626 626 626 626 626 626 626 626 626 626 2949 2949 2949 2949 2949 2949 2949 2949 2949 2949 2949 2949 2949 2949 2949 2949 2949 2949 2949 2949 2949 2949 2949 2949 2949 2949 2949 2949 2949 2949 2949 2949
2324 2324 618 1863 1863 1863 4068 626 1814 1814 1814 1814 1814 1814 1814 1814 1814 1814 1814 1814 1814 1814 1814 1814 1814 1814 1814 1814 1814 1814 1814 1814 1814 1814 1814 1814 1814 1814 1814 1814 1814 1814 1814 1814 1814 1814 1814 1814 1814
1794 1794 1814 1814 1814 1814 1814 1814 1814 1814 1814 1814 1814 1814 1814 1814 1814 1814 1814 1814 1814 1814 1814 1814 1814 1814 1814 1814 1814 1814 1814 1814 1814 1814 1814 1814 1814 1814 1814 1814 1814 1814 1814 1814 1814 1814 1814 1814 1814
2606 193 193 193 1814 1814 1814 1814 1814 1814 1814 1814 1814 1814 1814 1814 1814 1814 1814 1814 1814 1814 1814 1814 1814 1814 1814 1814 1814 1814 1814 1814 1814 1814 1814 1814 1814 1814 1814 1814 1814 1814 1814 1814 1814 1814 1814 1814 1814
3740 66 3389 4068 4068 1814 1814 1814 1814 1814 1814 1814 1814 1814 1814 1814 1814 1814 1814 1814 1814 1814 1814 1814 1814 1814 1814 1814 1814 1814 1814 1814 1814 1814 1814 1814 1814 1814 1814 1814 1814 1814 1814 1814 1814 1814 1814 1814 1814
65 65 65 65 2606 2606 2606 2606 2606 2606 2606 2606 2606 2606 2606 3740 3740 3740 3740 3740 3740 3740 3740 3740 3740 3740 3740 3740 3740 3740 3740 3740 3740 3740 3740 3740 3740 3740 3740 3740 3740 3740 3740 3740 3740 3740 3740 3740 3740
308 308 308 3432 1863 1863 1863 1863 1863 1863 1863 1863 1863 1863 1863 1863 1863 1863 1863 1863 1863 1863 1863 1863 1863 1863 1863 1863 1863 1863 1863 1863 1863 1863 1863 1863 1863 1863 1863 1863 1863 1863 1863 1863 1863 1863 1863 1863 1863
3620 3620 65 65 65 65 65 65 65 2606 2606 2606 2606 2606 2606 2606 2606 2606 4538 4538 4538 4538 4538 4538 4538 4538 4538 4538 4538 4538 4538 2285 2285 2285 2285 2285 2285 2285 2285 2285 2285 2285 2285 2285 2285 2285 2285 2285 2285
3620 65 65 65 65 65 65 65 65 65 65 65 65 65 65 65 65 65 65 65 65 65 65 65 65 65 65 65 65 65 65 65 65 65 65 65 65 65 65 65 65 65 65 65 65 65 65 65 65
3395 1877 1877 65 65 65 65 65 65 65 65 65 65 65 65 65 65 65 65 65 65 65 65 65 65 1863 1863 1863 1863 1863 1863 1863 1863 1863 1863 1863 1863 1863 1863 1863 1863 1863 1863 1863 1863 1863 1863 1863 1863
2349 2349 2349 1740 4068 2596 2596 2596 1814 1814 1814 1814 1814 1814 1814 1814 1814 1814 1814 1814 1814 1814 1814 1814 1814 1814 1814 1814 1814 1814 1814 1814 1814 1814 1814 1814 1814 1814 1814 1814 1814 1814 1814 1814 1814 1814 1814 1814 1814
3036 3036 2606 2606 2606 2606 4538 4538 4538 4538 4538 4538 4538 4538 4538 4538 4538 4538 4538 4538 4538 4538 4538 4538 4538 4538 4538 4538 4538 4538 4538 4538 4538 4538 4538 4538 4538 4538 4538 4538 4538 4538 4538 4538 4538 4538 4538 4538 4538
2469 2469 2606 2606 4642 4642 4642 4642 4642 4642 4642 4642 4599 4599 4599 4599 4599 4599 4599 4599 4599 4599 4599 4599 4599 4599 4599 4599 4599 4599 4599 4599 4599 4599 4599 4599 4599 4599 4599 4599 4599 4599 4599 4599 4599 4599 4599 4599 4599
65 65 65 65 2606 2606 2606 2606 2606 2606 2606 3740 3740 3740 3740 3740 3740 3740 3740 3740 3740 3740 3740 3740 3740 3740 3740 3740 3740 3740 3740 3740 3740 3740 3740 3740 3740 3740 3740 3740 3740 3740 3740 3740 3740 3740 3740 3740 3740
3620 3620 3620 3620 3620 3620 3620 3620 3620 3620 3620 3620 3620 3620 3620 3620 3620 3620 3620 3620 3620 3620 3620 3620 3620 3620 3620 3620 3620 3620 3620 3620 3620 3620 3620 3620 3620 3620 3620 3620 3620 3620 3620 3620 3620 3620 3620 3620 3620
3620 65 65 65 65 65 2606 2606 2606 2606 2606 2606 2606 2606 2606 2606 2606 4068 2380 2380 2380 2380 2380 2380 2380 2380 2380 2380 2380 2380 2380 2380 2380 2380 2380 2380 2380 2380 2380 2380 2380 2380 2380 2380 2380 2380 1814 1814 1814
1566 175 3620 3620 3620 3620 3620 4428 4428 4428 675 675 675 675 675 675 675 675 675 675 675 675 675 675 675 675 675 675 675 675 675 675 675 675 675 675 675 675 675 675 675 675 675 675 675 675 675 675 675
1863 1863 1814 1814 1814 1814 1814 1814 1814 1814 1814 1814 1814 1814 1814 1814 1814 1814 1814 1814 1814 1814 1814 1814 1814 1814 1814 1814 1814 1814 1814 1814 1814 1814 1814 1814 1814 1814 1814 1814 1814 1814 1814 1814 1814 1814 1814 1814 1814
4307 4307 4307 4307 65 65 65 65 4428 4428 4428 4599 4599 4599 4599 4599 4599 4599 4599 4599 4599 4599 4599 4599 4599 4599 4599 4599 4599 4599 4599 4599 4599 4599 4599 4599 4599 4599 4599 4599 4599 4599 4599 4599 4599 4599 4599 4599 4599
3432 4068 4068 4068 4068 4068 4068 4068 4068 4068 1814 1814 1814 1814 1814 1814 1814 1814 1814 1814 1814 1814 1814 1814 1814 1814 1814 1814 1814 1814 1814 1814 1814 1814 1814 1814 1814 1814 1814 1814 1814 1814 1814 1814 1814 1814 1814 1814 1814
3170 3803 3803 3620 3620 65 65 65 65 1863 4068 4068 4068 4068 4068 4068 1814 1814 1814 1814 1814 1814 1814 1814 1814 1814 1814 1814 1814 1814 1814 1814 1814 1814 1814 1814 1814 1814 1814 1814 1814 1814 1814 1814 1814 1814 1814 1814 1814
1785 4083 1863 1863 1863 1863 1863 1863 1863 1863 1863 1814 1814 1814 1814 1814 1814 1814 1814 1814 1814 1814 1814 1814 1814 1814 1814 1814 1814 1814 1814 1814 1814 1814 1814 1814 1814 1814 1814 1814 1814 1814 1814 1814 1814 1814 1814 1814 1814
65 65 2606 2606 2606 2606 2606 2606 3419 3419 3419 3419 3419 3419 3419 3419 0 0 0 0 0 0 0 0 0 0 0 0 0 0 0 0 0 0 0 0 0 0 0 0 0 0 0 0 0 0 0 0 0
65 65 65 65 65 2606 2606 2606 2606 2606 2606 193 193 193 193 193 193 193 193 193 193 193 193 193 193 193 193 193 193 193 193 193 193 193 193 193 193 193 193 193 193 193 193 193 193 193 193 193 193
2380 2900 2900 4083 1863 1863 1863 1863 1863 1863 1863 1863 1863 1863 1863 1863 1863 1863 1863 1863 1863 1863 1863 1863 1863 1863 1863 1863 1863 1863 1863 1863 1863 1863 1863 1863 1863 1863 1863 1863 1863 1863 1863 1863 1863 1863 1863 1863 1863
3620 65 65 65 65 2606 2606 2606 2606 2606 2606 2606 2606 2606 2606 2606 2606 2606 2606 2606 2606 2606 2606 2606 2606 2606 2606 2606 2606 2606 2606 2606 2606 2606 2606 2606 2606 2606 2606 2606 2606 2606 2606 2606 2606 2606 2606 2606 2606
4068 4068 4068 4068 338 338 338 2971 2971 2971 3740 3740 3740 3740 3740 3740 3740 3740 3740 3740 3740 3740 3740 3740 3740 3740 3740 3740 3740 3740 3740 3740 3740 3740 3740 3740 3740 3740 3740 3740 3740 3740 3740 3740 3740 3740 3740 3740 3740
3620 3620 3620 3620 3620 2606 2606 2606 2606 3740 3740 3740 3740 3740 3740 3740 3740 3740 3740 3740 3740 3740 3740 3740 3740 3740 3740 3740 3740 3740 3740 3740 3740 3740 3740 3740 3740 3740 3740 3740 3740 3740 3740 3740 3740 3740 3740 3740 3740
3620 3620 3620 3620 65 65 65 65 65 4428 4428 4428 4428 0 0 0 0 0 0 0 0 0 0 0 0 0 0 0 0 0 0 0 0 0 0 0 0 0 0 0 0 0 0 0 0 0 0 0 0
927 927 1863 1863 1814 1814 1814 1814 1814 1814 1814 1814 1814 1814 1814 1814 1814 1814 1814 1814 1814 1814 1814 1814 1814 1814 1814 1814 1814 1814 1814 1814 1814 1814 1814 1814 1814 1814 1814 1814 1814 1814 1814 1814 1814 1814 1814 1814 1814
2623 2623 2623 2623 1176 1176 1176 1176 1814 1814 1814 1814 1814 1814 1814 1814 1814 1814 1814 1814 1814 1814 1814 1814 1814 1814 1814 1814 1814 1814 1814 1814 1814 1814 1814 1814 1814 1814 1814 1814 1814 1814 1814 1814 1814 1814 1814 1814 1814
65 65 65 65 65 65 65 2380 2380 2380 2380 2380 2380 2380 2380 2380 2380 1814 1814 1814 1814 1814 1814 1814 1814 1814 1814 1814 1814 1814 1814 1814 1814 1814 1814 1814 1814 1814 1814 1814 1814 1814 1814 1814 1814 1814 1814 1814 1814
4307 4307 2606 2606 2606 2606 2606 2606 2606 2606 2606 2606 2606 2606 2606 2606 2606 2606 2606 2606 2606 2606 2606 2606 2606 2606 2606 2606 2606 2606 2606 2606 2606 2606 2606 2606 2606 2606 2606 2606 2606 2606 2606 2606 2606 2606 2606 2606 2606
618 618 4068 4068 4068 4068 4068 4068 193 193 1814 1814 1814 1814 1814 1814 1814 1814 1814 1814 1814 1814 1814 1814 1814 1814 1814 1814 1814 1814 1814 1814 1814 1814 1814 1814 1814 1814 1814 1814 1814 1814 1814 1814 1814 1814 1814 1814 1814
3620 3620 3620 3620 3620 65 65 65 65 65 65 1556 1556 1556 1556 1556 1556 1556 1556 1556 1556 1814 1814 1814 1814 1814 1814 1814 1814 1814 1814 1814 1814 1814 1814 1814 1814 1814 1814 1814 1814 1814 1814 1814 1814 1814 1814 1814 1814
1814 1814 1814 1814 1814 1814 1814 1814 1814 3098 3098 3098 3098 3098 3098 3098 3098 3098 3098 3098 3098 3098 3098 3098 3098 3098 3098 3098 3098 3098 3098 3098 3098 3098 3098 3098 3098 3098 3098 3098 3098 3098 3098 3098 3098 3098 3098 3098 3098
65 65 65 65 65 2606 2606 2606 2606 2606 193 4538 4599 4599 4599 4599 4599 4599 4599 4599 4599 4599 4599 4599 4599 4599 4599 4599 4599 4599 4599 4599 4599 4599 4599 4599 4599 4599 4599 4599 1814 1814 1814 1814 1814 1814 1814 1814 1814
65 1863 1863 1863 1863 1863 1863 1863 193 193 1814 1814 1814 1814 1814 1814 1814 1814 1814 1814 1814 1814 1814 1814 1814 1814 1814 1814 1814 1814 1814 1814 1814 1814 1814 1814 1814 1814 1814 1814 1814 1814 1814 1814 1814 1814 1814 1814 1814
576 576 576 2606 2606 2606 2606 2606 2606 193 193 193 193 193 193 193 193 2380 2380 2380 2380 2380 2380 2380 2380 2380 2380 2380 2380 2380 2380 2380 2380 2380 2380 2380 2380 2380 2380 2380 2380 2380 2380 2380 2380 2380 2380 2380 2380
1814 1814 1814 1814 1814 1814 1814 1814 1814 1814 1814 1814 1814 1814 1814 1814 1814 1814 1814 1814 1814 1814 1814 1814 1814 1814 1814 1814 1814 1814 1814 1814 1814 1814 1814 1814 1814 1814 1814 1814 1814 1814 1814 1814 1814 1814 1814 1814 1814
4307 4307 65 65 65 65 2606 2606 2606 2606 2606 2606 2606 2606 2606 2606 4068 4068 4068 4068 4068 4068 4764 4764 4764 4764 4764 4764 4764 4764 4764 4764 4764 4764 4764 4764 4764 4764 4764 4764 4764 4764 4764 4764 4764 4764 4764 4764 4764
3389 65 65 65 65 65 65 65 65 4068 4068 4068 4068 4068 4068 2380 2380 2380 2380 2380 2380 2380 2380 2380 2380 2380 2380 2380 2380 2380 2380 2380 2380 2380 2380 2380 2380 2380 2380 2380 2380 2380 2380 2380 2380 2380 2380 2380 2380
4602 4602 4602 4068 4068 4068 1814 1814 1814 1814 1814 1814 1814 1814 1814 1814 1814 1814 1814 1814 1814 1814 1814 1814 1814 1814 1814 1814 1814 1814 1814 1814 1814 1814 1814 1814 1814 1814 1814 1814 1814 1814 1814 1814 1814 1814 1814 1814 1814
1965 4307 4307 1556 1814 1814 1814 1814 1814 1814 1814 1814 1814 1814 1814 1814 1814 1814 1814 1814 1814 1814 1814 1814 1814 1814 1814 1814 1814 1814 1814 1814 1814 1814 1814 1814 1814 1814 1814 1814 1814 1814 1814 1814 1814 1814 1814 1814 1814
3036 65 65 65 65 65 1863 1863 626 626 626 626 626 626 626 626 1814 1814 1814 1814 1814 1814 1814 1814 1814 1814 1814 1814 1814 1814 1814 1814 1814 1814 1814 1814 1814 1814 1814 1814 1814 1814 1814 1814 1814 1814 1814 1814 1814
2623 2623 2623 3640 3640 3640 3640 3640 3640 1814 1814 1814 1814 1814 1814 1814 1814 1814 1814 1814 1814 1814 1814 1814 1814 1814 1814 1814 1814 1814 1814 1814 1814 1814 1814 1814 1814 1814 1814 1814 1814 1814 1814 1814 1814 1814 1814 1814 1814
4450 3036 4068 4068 1814 1814 1814 1814 1814 1814 1814 1814 1814 1814 1814 1814 1814 1814 1814 1814 1814 1814 1814 1814 1814 1814 1814 1814 1814 1814 1814 1814 1814 1814 1814 1814 1814 1814 1814 1814 1814 1814 1814 1814 1814 1814 1814 1814 1814
3036 3036 3036 576 576 576 576 2606 2606 2606 2606 2606 2606 2606 2606 2606 2606 2606 2606 2606 2606 2606 2606 2606 2606 3740 3740 3740 3740 3740 3740 3740 3740 3740 3740 3740 3740 3740 3740 3740 3740 3740 3740 3740 3740 3740 3740 3740 3740
1814 1814 1814 1814 1814 1814 1814 1814 1814 1814 1814 1814 1814 1814 1814 1814 1814 1814 1814 1814 1814 1814 1814 1814 1814 1814 1814 1814 1814 1814 1814 1814 1814 1814 1814 1814 1814 1814 1814 1814 1814 1814 1814 1814 1814 1814 1814 1814 1814
3389 3389 3389 65 65 65 65 65 1617 1617 1617 1617 233 233 233 233 233 1814 1814 1814 1814 1814 1814 1814 1814 1814 1814 1814 1814 1814 1814 1814 1814 1814 1814 1814 1814 1814 1814 1814 1814 1814 1814 1814 1814 1814 1814 1814 1814
1863 1863 1863 1863 1863 1863 1863 1863 1863 1863 1863 626 626 0 1814 1814 1814 1814 1814 1814 1814 1814 1814 1814 1814 1814 1814 1814 1814 1814 1814 1814 1814 1814 1814 1814 1814 1814 1814 1814 1814 1814 1814 1814 1814 1814 1814 1814 1814
618 2694 2694 2606 2606 2606 2606 2606 2606 2606 2606 3740 3740 3740 3740 3740 3740 3740 3740 3740 3740 3740 3740 3740 3740 3740 3740 3740 3740 3740 3740 3740 3740 3740 3740 3740 3740 3740 3740 3740 3740 3740 3740 3740 3740 3740 3740 3740 3740
2089 2944 576 576 65 65 65 65 65 65 65 65 65 65 65 65 576 576 576 576 576 576 576 576 576 576 576 576 576 576 576 576 576 576 576 576 576 576 576 576 576 576 576 576 576 576 576 576 576
618 618 618 4068 4068 4068 4068 4068 4068 4068 4068 1814 1814 1814 1814 1814 1814 1814 1814 1814 1814 1814 1814 1814 1814 1814 1814 1814 1814 1814 1814 1814 1814 1814 1814 1814 1814 1814 1814 1814 1814 1814 1814 1814 1814 1814 1814 1814 1814
395 3620 3620 3620 3620 1863 1863 1863 1863 1863 1863 1863 1814 1814 1814 1814 1814 1814 1814 1814 1814 1814 1814 1814 1814 1814 1814 1814 1814 1814 1814 1814 1814 1814 1814 1814 1814 1814 1814 1814 1814 1814 1814 1814 1814 1814 1814 1814 1814
3389 3389 3389 65 65 65 65 65 65 65 65 65 65 65 65 65 65 65 65 65 65 65 65 65 65 65 65 65 65 65 65 65 65 65 65 65 65 65 65 65 65 65 65 65 65 65 65 65 65
4068 4068 576 576 576 576 576 576 576 576 576 576 576 576 576 576 576 618 618 618 618 618 618 618 618 576 65 65 65 65 65 65 65 65 65 65 576 576 576 576 576 576 576 576 576 576 576 576 576
4538 4538 1814 1814 1814 1814 1814 1814 1814 1814 1814 1814 1814 1814 1814 1814 1814 1814 1814 1814 1814 1814 1814 1814 1814 1814 1814 1814 1814 1814 1814 1814 1814 1814 1814 1814 1814 1814 1814 1814 1814 1814 1814 1814 1814 1814 1814 1814 1814
1141 1141 4307 4307 4307 65 65 65 3465 3465 3465 1814 1814 1814 1814 1814 1814 1814 1814 1814 1814 1814 1814 1814 1814 1814 1814 1814 1814 1814 1814 1814 1814 1814 1814 1814 1814 1814 1814 1814 1814 1814 1814 1814 1814 1814 1814 1814 1814
1814 1814 1814 1814 1814 4414 4414 4414 3668 3668 3668 3668 3668 3668 3668 3668 3668 3668 3668 3668 3668 3668 3668 3668 3668 3668 3668 3668 3668 3668 3668 3668 3668 3668 3668 3668 3668 3668 3668 3668 3668 3668 3668 3668 3668 3668 3668 3668 3668
3620 3620 65 65 65 65 65 65 4068 4068 4068 4068 4068 4068 1814 1814 1814 1814 1814 1814 1814 1814 1814 1814 1814 1814 1814 1814 1814 1814 1814 1814 1814 1814 1814 1814 1814 1814 1814 1814 1814 1814 1814 1814 1814 1814 1814 1814 1814
176 1814 1814 1814 1814 1814 1814 1814 1814 1814 1814 1814 1814 1814 1814 1814 1814 1814 1814 1814 1814 1814 1814 1814 1814 1814 1814 1814 1814 1814 1814 1814 1814 1814 1814 1814 1814 1814 1814 1814 1814 1814 1814 1814 1814 1814 1814 1814 1814
4068 4068 1814 1814 1814 1814 1814 1814 1814 1814 1814 1814 1814 1814 1814 1814 1814 1814 1814 1814 1814 1814 1814 1814 1814 1814 1814 1814 1814 1814 1814 1814 1814 1814 1814 1814 1814 1814 1814 1814 1814 1814 1814 1814 1814 1814 1814 1814 1814
4083 4083 3036 3036 1863 1863 1863 1863 1863 1863 1863 1863 1863 1863 1863 1863 1863 1863 1863 1863 1863 1863 1863 1863 1863 1863 1863 1863 1863 1863 1094 1094 1094 1094 1094 1094 1094 1094 1094 1094 1094 1094 1094 1094 1094 1094 1094 1094 1094
3036 3036 3036 1863 1863 1863 1863 1863 1863 1863 1863 626 626 626 626 626 626 626 626 626 626 626 626 626 626 626 626 626 626 626 626 626 626 626 626 626 626 626 626 626 626 1814 1814 1814 1814 1814 1814 1814 1814
1566 66 66 66 66 66 65 65 65 65 65 65 65 65 65 2543 2543 2543 2543 2543 2543 2543 2543 2543 2543 2543 2543 2543 2543 2543 2543 2543 2543 2543 2543 2543 2543 0 0 0 0 0 0 0 0 0 0 0 0
4602 4602 4602 65 65 4068 4068 4068 193 193 193 193 193 193 1814 1814 1814 1814 1814 1814 1814 1814 1814 1814 1814 1814 1814 1814 1814 1814 1814 1814 1814 1814 1814 1814 1814 1814 1814 1814 1814 1814 1814 1814 1814 1814 1814 1814 1814
1566 1566 1094 1094 1094 1814 1814 1814 1814 1814 1814 1814 1814 1814 1814 1814 1814 1814 1814 1814 1814 1814 1814 1814 1814 1814 1814 1814 1814 1814 1814 1814 1814 1814 1814 1814 1814 1814 1814 1814 1814 1814 1814 1814 1814 1814 1814 1814 1814
3620 3620 3620 65 65 65 65 65 65 65 65 65 65 65 65 65 65 2543 2543 2543 2543 2543 2543 2543 2543 1009 1009 1009 1009 1009 1009 1009 1009 1009 1009 1009 1009 1009 1009 1009 1009 1009 1009 1009 1009 1009 1009 1009 1009
2696 4307 65 4068 4068 4068 4068 1814 1814 1814 1814 1814 1814 1814 1814 1814 1814 1814 1814 1814 1814 1814 1814 1814 1814 1814 1814 1814 1814 1814 1814 1814 1814 1814 1814 1814 1814 1814 1814 1814 1814 1814 1814 1814 1814 1814 1814 1814 1814
65 65 65 65 65 65 65 65 65 65 65 65 65 2606 4428 4428 2543 2543 3740 3740 3740 3740 3740 3740 4599 0 0 0 0 0 0 0 0 0 0 0 0 0 0 0 0 0 0 0 0 0 0 0 0
1814 1814 1814 1814 1814 1814 1814 1814 1814 1814 1814 1814 1814 1814 1814 1814 1814 1814 1814 1814 1814 1814 1814 1814 1814 1814 1814 1814 1814 1814 1814 1814 1814 1814 1814 1814 1814 1814 1814 1814 1814 1814 1814 1814 1814 1814 1814 1814 1814
220 220 220 626 1814 1814 1814 1814 1814 1814 1814 1814 1814 1814 1814 1814 1814 1814 1814 1814 1814 1814 1814 1814 1814 1814 1814 1814 1814 1814 1814 1814 1814 1814 1814 1814 1814 1814 1814 1814 1814 1814 1814 1814 1814 1814 1814 1814 1814
3432 65 65 65 65 65 65 65 65 65 65 65 65 65 65 65 65 65 65 65 65 65 65 65 65 65 65 65 65 65 65 65 65 65 65 65 65 65 65 65 65 65 65 65 65 65 65 65 65
4833 4833 4833 65 65 1617 1617 1617 1617 3740 3740 3740 3740 3740 3740 3740 3740 3740 3740 3740 3740 3740 3740 3740 3740 3740 3740 3740 3740 3740 3740 3740 3740 3740 3740 3740 3740 3740 3740 3740 3740 3740 3740 3740 3740 3740 3740 3740 3740
4640 4640 4640 65 65 65 65 65 65 65 65 65 65 65 65 65 65 65 65 65 65 65 65 65 65 65 65 65 65 65 65 65 65 65 65 65 65 65 65 65 65 65 65 65 65 65 65 65 65
4602 4602 4307 3620 3620 3620 3620 3620 3620 3620 3620 3620 3620 3620 3620 3620 3620 3620 3620 3620 3620 3620 3620 3620 3620 3620 3620 3620 3620 3620 3620 3620 3620 3620 3620 3620 3620 3620 3620 3620 3620 3620 3620 3620 3620 3620 3620 3620 3620
4038 4038 65 65 65 65 65 65 65 65 65 65 4307 4307 3036 3036 3036 3036 3036 3036 3036 3036 3036 3036 3036 3036 3036 3036 3036 3036 3036 3036 3036 3036 3036 3036 3036 3036 3036 3036 3036 3036 3036 3036 3036 3036 3036 3036 3036
2029 175 175 65 65 65 65 65 65 65 65 65 65 65 65 65 65 65 65 65 65 65 65 65 65 65 65 65 65 65 65 65 65 65 65 65 65 65 65 65 65 65 65 65 65 65 65 65 65
